测试数据计算结果
算法1结果：
NaN NaN NaN NaN NaN NaN NaN NaN NaN NaN 
NaN 10.00 11.40 12.64 13.80 13.89 14.36 14.46 14.30 13.93 
NaN 11.56 12.07 13.03 14.25 14.61 14.76 14.33 13.78 13.99 
NaN 13.66 13.29 13.83 15.00 15.78 15.72 14.71 13.74 14.17 
NaN 15.59 15.07 14.95 15.73 16.86 16.98 15.70 14.33 14.70 
NaN 14.94 15.02 14.95 15.56 16.85 17.60 17.01 15.73 15.85 
NaN 13.85 14.51 14.83 15.37 16.10 17.27 17.52 16.95 16.59 
NaN 15.43 15.17 15.30 15.25 15.23 15.96 16.43 16.52 16.17 
NaN 19.08 17.34 16.38 15.40 15.34 15.30 15.06 14.99 15.35 
NaN 19.86 18.46 16.89 15.50 15.94 15.97 15.19 14.64 15.30 
算法2结果：
NaN NaN NaN NaN NaN NaN NaN NaN NaN NaN 
NaN 17.30 15.70 15.36 15.90 17.00 17.60 16.59 15.23 15.03 
NaN 16.90 16.03 15.51 15.75 16.59 17.16 16.63 15.48 15.10 
NaN 16.16 15.86 15.56 15.55 15.77 16.16 16.62 16.03 15.48 
NaN 14.74 14.70 15.10 15.18 14.84 14.79 15.81 15.96 15.49 
NaN 15.44 14.66 15.04 15.40 15.33 14.85 15.41 15.31 15.35 
NaN 17.05 16.48 16.33 16.46 16.57 16.54 16.35 15.32 15.24 
NaN 16.91 17.55 17.31 16.83 16.66 17.46 17.45 16.33 15.49 
NaN 15.64 16.60 16.85 16.00 15.48 16.63 17.61 17.05 15.84 
NaN 14.40 15.54 15.91 15.02 14.11 15.26 16.79 16.89 15.94 
