------------速度和方位角计算结果------------
00 , 59027.00000 - 59027.00000 , 90.760 , 340.818
01 , 59027.00000 - 59027.00000 , 82.318 , 290.876
02 , 59027.00000 - 59027.00000 , 87.421 , 58.288
03 , 59027.00000 - 59027.00000 , 81.108 , 81.928
04 , 59027.00000 - 59027.00000 , 77.449 , 278.603
05 , 59027.00000 - 59027.00000 , 89.182 , 274.302
06 , 59027.00000 - 59027.00000 , 83.883 , 285.100
07 , 59027.00000 - 59027.00000 , 92.325 , 345.780
08 , 59027.00000 - 59027.00000 , 66.959 , 308.994
09 , 59027.00000 - 59027.00000 , 89.589 , 72.884
10 , 59027.00000 - 59027.00000 , 89.557 , 71.928
11 , 59027.00000 - 59027.00000 , 79.375 , 41.517
12 , 59027.00000 - 59027.00000 , 74.195 , 19.129
13 , 59027.00000 - 59027.00000 , 77.535 , 46.136
14 , 59027.00000 - 59027.00000 , 81.963 , 85.255
15 , 59027.00000 - 59027.00000 , 79.672 , 66.824
16 , 59027.00000 - 59027.00000 , 85.309 , 36.083
17 , 59027.00000 - 59027.00000 , 88.852 , 44.573
18 , 59027.00000 - 59027.00000 , 83.170 , 64.147
19 , 59027.00000 - 59027.00000 , 71.036 , 64.245
20 , 59027.00000 - 59027.00000 , 61.154 , 52.521
21 , 59027.00000 - 59027.00000 , 53.034 , 45.885
22 , 59027.00000 - 59027.00000 , 32.508 , 77.900
23 , 59027.00000 - 59027.00000 , 21.014 , 300.747
24 , 59027.00000 - 59027.00000 , 38.127 , 304.050
25 , 59027.00000 - 59027.00000 , 40.377 , 330.524
26 , 59027.00000 - 59027.00000 , 31.452 , 330.615
27 , 59027.00000 - 59027.00000 , 47.619 , 309.730
28 , 59027.00000 - 59027.00000 , 49.411 , 306.562
29 , 59027.00000 - 59027.00000 , 50.487 , 314.071
30 , 59027.00000 - 59027.00000 , 15.489 , 275.789
31 , 59027.00000 - 59027.00000 , 40.943 , 89.534
32 , 59027.00000 - 59027.00000 , 7.065 , 272.204
33 , 59027.00000 - 59027.00000 , 0.033 , -0.000
34 , 59027.00000 - 59027.00000 , 15.731 , 272.475
35 , 59027.00000 - 59027.00000 , 14.842 , 270.253
36 , 59027.00000 - 59027.00000 , 34.970 , 279.492
37 , 59027.00000 - 59027.00000 , 0.327 , 312.507
----------距离计算结果----------
累积距离：37.244（km）
首尾直线距离：24.078（km）